Timestamp,User Count,Type,Name,Requests/s,Failures/s,50%,66%,75%,80%,90%,95%,98%,99%,99.9%,99.99%,100%,Total Request Count,Total Failure Count,Total Median Response Time,Total Average Response Time,Total Min Response Time,Total Max Response Time,Total Average Content Size
1724163391,0,,Aggregated,0.000000,0.000000,N/A,N/A,N/A,N/A,N/A,N/A,N/A,N/A,N/A,N/A,N/A,0,0,0,0.0,0,0,0
1724163392,5,,Aggregated,0.000000,0.000000,610,610,610,610,610,610,610,610,610,610,610,10,0,22,314.3081101588905,8.011264726519585,614.8814177140594,1313.0
1724163393,10,,Aggregated,0.000000,0.000000,610,610,720,730,1300,1300,1300,1300,1300,1300,1300,30,0,190.0,470.662489036719,8.011264726519585,1295.0202077627182,1432.3333333333333
1724163394,15,,Aggregated,5.000000,0.000000,590,640,940,940,950,1300,1300,1300,1300,1300,1300,60,0,190.0,462.9173662668715,8.011264726519585,1295.0202077627182,1132.75
1724163395,20,,Aggregated,10.000000,0.000000,52,170,270,340,610,940,1300,1300,1300,1300,1300,237,0,52,207.50775023949046,1.5857499092817307,1295.0202077627182,5796.940928270043
1724163396,25,,Aggregated,15.000000,0.000000,38,140,190,270,590,940,950,1300,1300,1300,1300,300,0,38,172.84900296479464,1.5857499092817307,1295.0202077627182,5809.196666666667
1724163397,30,,Aggregated,35.500000,0.000000,35,130,170,200,490,720,940,1300,1300,1300,1300,360,0,35,152.0902968270497,1.5857499092817307,1295.0202077627182,5877.613888888889
1724163398,35,,Aggregated,57.000000,0.000000,34,120,160,180,460,640,940,1300,1300,1300,1300,420,0,34,138.07994780308078,1.5857499092817307,1295.0202077627182,5944.528571428571
1724163399,40,,Aggregated,57.500000,0.000000,31,110,150,170,340,610,940,1300,1300,1300,1300,480,0,31,126.51900613758092,1.5857499092817307,1295.0202077627182,6012.610416666666
1724163400,45,,Aggregated,55.857143,0.000000,29,65,140,160,320,610,940,950,1300,1300,1300,540,0,29,119.26246170402953,1.5857499092817307,1295.0202077627182,6081.194444444444
1724163401,50,,Aggregated,57.500000,0.000000,28,65,140,160,290,590,940,950,1300,1300,1300,600,0,28,112.79786193588127,1.5857499092817307,1295.0202077627182,6148.575
1724163402,55,,Aggregated,55.555556,0.000000,27,63,140,150,240,500,940,940,1300,1300,1300,660,0,27,107.79016061657758,1.5857499092817307,1295.0202077627182,6215.136363636364
1724163403,60,,Aggregated,56.400000,0.000000,31,130,160,180,610,3600,7200,7400,7500,7500,7500,780,0,31,450.9514183785098,1.5857499092817307,7486.714549362659,5824.241025641026
1724163404,65,,Aggregated,61.700000,0.000000,29,120,150,170,540,2400,7200,7400,7500,7500,7500,863,0,29,412.630513000711,1.5857499092817307,7486.714549362659,6545.447276940904
1724163405,70,,Aggregated,71.300000,0.000000,27,110,150,160,460,1900,7100,7400,7500,7500,7500,978,0,27,371.5564703382171,1.5388093888759613,7486.714549362659,7377.756646216769
1724163406,75,,Aggregated,78.500000,0.000000,24,70,140,160,340,1300,6700,7300,7500,7500,7500,1077,0,24,341.2625028500152,1.5388093888759613,7486.714549362659,7639.936861652739
1724163407,80,,Aggregated,77.600000,0.000000,23,63,140,150,330,940,6700,7300,7500,7500,7500,1191,0,23,315.7123622322638,1.3900836929678917,7486.714549362659,7355.8698572628045
1724163408,85,,Aggregated,75.700000,0.000000,23,61,140,150,340,1300,5800,7200,7500,7500,7500,1330,0,23,302.7123050995283,1.3900836929678917,7486.714549362659,7127.003759398496
1724163409,90,,Aggregated,79.600000,0.000000,22,58,130,150,320,940,5700,7200,7500,7500,7500,1444,0,22,282.7695573046752,1.3900836929678917,7486.714549362659,7056.084487534626
1724163410,95,,Aggregated,87.300000,0.000000,22,53,130,150,300,940,4600,7200,7500,7500,7500,1551,0,22,266.5868757435539,1.3900836929678917,7486.714549362659,7033.598323662153
1724163411,100,,Aggregated,92.300000,0.000000,22,53,130,150,300,900,4600,7200,7500,7500,7500,1647,0,22,255.31280066865497,1.3900836929678917,7486.714549362659,6945.4055859137825
1724163412,100,,Aggregated,98.800000,0.000000,22,53,130,150,300,730,4600,7200,7500,7500,7500,1694,0,22,250.89217927152953,1.3900836929678917,7486.714549362659,6895.635773317592
1724163413,100,,Aggregated,102.200000,0.000000,22,55,130,150,300,940,4700,7200,7500,7500,7500,1726,0,22,266.41133278964446,1.3900836929678917,7486.714549362659,6882.921205098493
1724163414,100,,Aggregated,104.500000,0.000000,22,58,130,150,320,1300,5200,7200,7500,7500,7500,1787,0,22,300.58553778927586,1.3900836929678917,7486.714549362659,6794.695019585898
1724163415,100,,Aggregated,97.100000,0.000000,22,60,130,150,350,1500,5700,7200,7500,7500,7500,1882,0,22,333.20535958707967,1.3900836929678917,7486.714549362659,6734.412858660999
1724163416,100,,Aggregated,90.300000,0.000000,23,63,140,160,440,2300,5800,7200,7600,7700,7700,2011,0,23,361.2341976125758,1.3900836929678917,7693.491375073791,6843.594728990552
1724163417,100,,Aggregated,90.900000,0.000000,24,69,140,160,440,2200,5800,7200,7600,7700,7700,2177,0,24,358.23030100958266,1.3900836929678917,7693.491375073791,6986.997703261369
1724163418,100,,Aggregated,87.200000,0.000000,25,71,140,170,520,1900,5700,7200,7700,9400,9400,2378,0,25,358.6631917486342,1.3900836929678917,9376.420836895704,7334.300672834314
1724163419,100,,Aggregated,92.100000,0.000000,25,71,140,170,580,1900,5700,7200,9400,11000,11000,2531,0,25,360.56541564352943,1.3900836929678917,10843.96046679467,7504.235084946661
1724163420,100,,Aggregated,98.300000,0.000000,24,72,150,190,660,1800,5700,7200,11000,12000,12000,2727,0,24,374.0510963901418,1.3900836929678917,12030.35722579807,7716.850751741841
1724163421,100,,Aggregated,103.300000,0.000000,24,71,150,200,660,1500,5600,7200,11000,12000,12000,2945,0,24,367.7345367559629,1.3900836929678917,12030.35722579807,7937.4016977928695
1724163422,100,,Aggregated,110.200000,0.000000,24,71,150,200,690,1400,5400,7200,11000,13000,13000,3114,0,24,364.70222575877125,1.3900836929678917,13408.328441902995,8113.93962748876
1724163423,100,,Aggregated,119.500000,0.000000,24,71,150,210,680,1400,5300,7200,11000,13000,13000,3245,0,24,358.48539213725985,1.3900836929678917,13408.328441902995,8272.018181818183
1724163424,100,,Aggregated,133.000000,0.000000,23,67,150,190,650,1400,5200,7100,11000,13000,13000,3431,0,23,342.89063344848284,1.3900836929678917,13408.328441902995,8461.32789274264
1724163425,100,,Aggregated,144.200000,0.000000,23,65,150,190,620,1300,5100,7000,11000,13000,13000,3588,0,23,331.15393667322985,1.3900836929678917,13408.328441902995,8645.436176142697
1724163426,100,,Aggregated,154.800000,0.000000,23,64,150,190,600,1200,4800,6700,11000,13000,13000,3786,0,23,319.2060148376407,1.3900836929678917,13408.328441902995,8664.006603275224
1724163427,100,,Aggregated,165.100000,0.000000,22,62,150,190,590,1100,4800,6700,11000,13000,13000,3946,0,22,311.2290611264503,1.3900836929678917,13408.328441902995,8742.347693867207
1724163428,100,,Aggregated,172.500000,0.000000,22,61,150,180,560,1000,4600,6700,11000,13000,13000,4116,0,22,302.218056833272,1.3900836929678917,13408.328441902995,8793.54178814383
1724163429,100,,Aggregated,175.100000,0.000000,23,61,150,180,560,1000,4600,6600,11000,13000,13000,4302,0,23,294.51586658729093,1.3900836929678917,13408.328441902995,8910.464667596467
1724163430,100,,Aggregated,171.500000,0.000000,23,60,150,190,560,1000,4200,6600,11000,13000,13000,4475,0,23,288.9161941136478,1.3900836929678917,13408.328441902995,9023.88938547486
1724163431,100,,Aggregated,170.900000,0.000000,23,60,150,190,550,980,3800,6400,11000,13000,13000,4669,0,23,281.8893853941616,1.3900836929678917,13408.328441902995,9239.715570786035
1724163432,100,,Aggregated,173.000000,0.000000,22,59,150,190,530,960,3700,6100,11000,13000,13000,4899,0,22,274.695888666387,1.3900836929678917,13408.328441902995,9513.1263523168
1724163433,100,,Aggregated,171.300000,0.000000,22,60,150,190,520,950,3600,5900,9800,13000,13000,5104,0,22,270.2877791235326,1.3900836929678917,13408.328441902995,9661.763714733543
1724163434,100,,Aggregated,168.900000,0.000000,22,59,150,190,510,940,3500,5800,9800,13000,13000,5289,0,22,263.8383735757336,1.3900836929678917,13408.328441902995,9818.003592361505
1724163435,100,,Aggregated,176.400000,0.000000,22,57,150,190,490,930,3100,5800,9800,13000,13000,5505,0,22,255.67694978482282,1.3900836929678917,13408.328441902995,10084.751498637603
1724163436,100,,Aggregated,182.900000,0.000000,22,56,140,180,470,900,2600,5700,9800,13000,13000,5732,0,22,248.58147692616407,1.3900836929678917,13408.328441902995,10346.304954640615
1724163438,100,,Aggregated,186.600000,0.000000,21,56,140,180,450,880,2500,5600,9800,13000,13000,5925,0,21,243.6676925601524,1.3900836929678917,13408.328441902995,10467.255864978903
1724163439,100,,Aggregated,191.900000,0.000000,21,56,140,180,460,870,2400,5500,9700,13000,13000,6069,0,21,241.6101029619371,1.3900836929678917,13408.328441902995,10507.14648212226
1724163440,100,,Aggregated,196.200000,0.000000,21,56,140,180,460,880,2400,5400,9700,13000,13000,6215,0,21,239.90033960414934,1.3900836929678917,13408.328441902995,10564.917940466614
1724163441,100,,Aggregated,194.200000,0.000000,21,55,140,180,460,890,2300,5300,9700,13000,13000,6396,0,21,237.05626451663716,1.3900836929678917,13408.328441902995,10685.626016260163
1724163442,100,,Aggregated,188.100000,0.000000,21,56,140,180,450,870,2200,5200,9700,13000,13000,6605,0,21,233.20921313026068,1.3900836929678917,13408.328441902995,10957.925208175624
1724163443,100,,Aggregated,190.100000,0.000000,22,55,140,180,440,830,2000,5200,9700,13000,13000,6847,0,22,227.875514100403,1.3900836929678917,13408.328441902995,11199.77523002775
1724163444,100,,Aggregated,190.500000,0.000000,22,54,140,180,430,810,1900,5100,9500,13000,13000,7071,0,22,223.50248305519258,1.3900836929678917,13408.328441902995,11442.60939046811
1724163445,100,,Aggregated,190.300000,0.000000,22,54,140,180,420,800,1900,5000,9500,13000,13000,7250,0,22,220.4933567112633,1.3900836929678917,13408.328441902995,11609.148
1724163446,100,,Aggregated,193.100000,0.000000,22,54,140,180,430,790,1900,4900,9500,13000,13000,7382,0,22,218.93099908732367,1.3900836929678917,13408.328441902995,11687.368599295583
1724163447,100,,Aggregated,192.200000,0.000000,22,53,140,170,410,790,1800,4800,9500,13000,13000,7579,0,22,214.70373432662058,1.3900836929678917,13408.328441902995,11847.962264150943
1724163448,100,,Aggregated,184.600000,0.000000,22,52,140,170,390,770,1700,4800,9500,13000,13000,7772,0,22,210.93890294147442,1.3900836929678917,13408.328441902995,11983.18013381369
1724163449,100,,Aggregated,180.500000,0.000000,22,52,140,170,380,760,1600,4700,9400,13000,13000,8003,0,22,206.8303749373728,1.3900836929678917,13408.328441902995,12186.46457578408
1724163450,100,,Aggregated,180.200000,0.000000,22,52,140,170,380,750,1600,4700,9400,13000,13000,8194,0,22,203.88637931607363,1.3900836929678917,13408.328441902995,12366.5440566268
1724163451,100,,Aggregated,188.400000,0.000000,22,51,140,170,370,730,1500,4600,9400,13000,13000,8398,0,22,200.42338916986637,1.3900836929678917,13408.328441902995,12585.828054298643
1724163452,100,,Aggregated,196.000000,0.000000,22,51,140,170,370,730,1500,4600,9400,13000,13000,8600,0,22,198.5197282717888,1.3900836929678917,13408.328441902995,12808.866627906977
1724163453,100,,Aggregated,192.900000,0.000000,22,51,140,170,370,720,1400,4300,9400,13000,13000,8815,0,22,196.81610797335918,1.3900836929678917,13408.328441902995,12919.909359047078
1724163454,100,,Aggregated,193.800000,0.000000,22,51,140,170,370,720,1400,4200,9400,13000,13000,8948,0,22,195.50482188721983,1.3900836929678917,13408.328441902995,12960.336946803754
1724163455,100,,Aggregated,191.700000,0.000000,22,50,140,170,360,710,1400,4100,9000,13000,13000,9166,0,22,192.10351111593724,1.3900836929678917,13408.328441902995,13284.958324241763
1724163456,100,,Aggregated,184.700000,0.000000,22,49,140,160,360,690,1400,3800,9000,13000,13000,9428,0,22,188.4728793801023,1.3900836929678917,13408.328441902995,13519.452269834535
1724163457,100,,Aggregated,184.500000,0.000000,22,49,140,160,360,690,1400,3700,9000,13000,13000,9571,0,22,187.12232482899145,1.3900836929678917,13408.328441902995,13567.016821648731
1724163458,100,,Aggregated,195.600000,0.000000,22,48,140,160,350,680,1300,3700,9000,13000,13000,9758,0,22,184.64700526840943,1.3900836929678917,13408.328441902995,13738.423857347818
1724163459,100,,Aggregated,198.000000,0.000000,21,48,140,160,350,670,1300,3600,9000,13000,13000,9953,0,21,182.4341977179263,1.3900836929678917,13408.328441902995,13965.675575203457
1724163460,100,,Aggregated,193.500000,0.000000,22,48,140,160,340,660,1300,3600,8400,12000,13000,10194,0,22,180.00643461226775,1.3900836929678917,13408.328441902995,14174.779968608986
1724163461,100,,Aggregated,190.800000,0.000000,22,47,140,160,340,650,1200,3500,8400,12000,13000,10376,0,22,177.79058853511498,1.3900836929678917,13408.328441902995,14369.583847340016
1724163462,100,,Aggregated,191.800000,0.000000,22,47,140,160,330,640,1200,3500,8400,12000,13000,10575,0,22,175.85743315614778,1.3900836929678917,13408.328441902995,14524.961040189126
1724163463,100,,Aggregated,193.400000,0.000000,22,47,140,160,330,630,1200,3400,8400,12000,13000,10734,0,22,174.6159639266426,1.3900836929678917,13408.328441902995,14601.335196571641
1724163464,100,,Aggregated,194.700000,0.000000,21,47,140,160,330,620,1100,3400,8400,12000,13000,10899,0,21,172.7345388852479,1.3900836929678917,13408.328441902995,14774.472520414716
1724163465,100,,Aggregated,192.100000,0.000000,21,46,140,160,320,610,1100,3000,7700,12000,13000,11130,0,21,170.45369492006978,1.3900836929678917,13408.328441902995,14921.373584905661
1724163466,100,,Aggregated,189.300000,0.000000,21,46,130,160,320,610,1100,3000,7700,12000,13000,11300,0,21,168.77103087467563,1.3900836929678917,13408.328441902995,15072.890707964601
1724163467,100,,Aggregated,190.800000,0.000000,21,45,130,160,320,590,1100,2600,7700,12000,13000,11505,0,21,166.6154211806356,1.3900836929678917,13408.328441902995,15309.689700130379
1724163468,100,,Aggregated,187.800000,0.000000,21,45,130,160,320,590,1100,2600,7700,12000,13000,11683,0,21,165.70401679701177,1.3900836929678917,13408.328441902995,15422.801164084567
1724163469,100,,Aggregated,183.500000,0.000000,21,45,130,160,320,580,1100,2500,7700,12000,13000,11845,0,21,164.52565517775014,1.3900836929678917,13408.328441902995,15504.22414520895
1724163470,100,,Aggregated,188.600000,0.000000,21,44,130,160,320,580,1100,2500,7600,12000,13000,12053,0,21,163.05508808259347,1.3900836929678917,13408.328441902995,15701.729361984568
1724163471,100,,Aggregated,185.400000,0.000000,21,44,130,150,310,560,1000,2400,7600,12000,13000,12283,0,21,161.0811527890169,1.3900836929678917,13408.328441902995,15940.179109338109
1724163472,100,,Aggregated,179.300000,0.000000,21,44,130,150,310,560,1000,2400,7600,12000,13000,12506,0,21,159.43328469451626,1.3900836929678917,13408.328441902995,16157.16887893811
1724163473,100,,Aggregated,181.800000,0.000000,21,44,130,150,310,550,1000,2300,7600,12000,13000,12718,0,21,157.8143661112978,1.3900836929678917,13408.328441902995,16385.9550243749
1724163475,100,,Aggregated,185.500000,0.000000,21,43,130,150,300,550,1000,2300,7600,12000,13000,12903,0,21,156.20211704791407,1.3900836929678917,13408.328441902995,16646.453150430134
1724163476,100,,Aggregated,193.700000,0.000000,21,43,130,150,300,540,1000,2200,7600,12000,13000,13114,0,21,154.6408427083535,1.3900836929678917,13408.328441902995,16710.05421686747
1724163477,100,,Aggregated,192.700000,0.000000,21,43,130,150,300,540,1000,2200,7600,12000,13000,13251,0,21,153.57538557343415,1.3900836929678917,13408.328441902995,16821.24262319825
1724163478,100,,Aggregated,191.900000,0.000000,20,42,130,150,290,530,990,2000,7600,12000,13000,13432,0,20,152.15966265641393,1.3900836929678917,13408.328441902995,16976.037447885647
1724163479,100,,Aggregated,188.500000,0.000000,20,42,130,150,290,520,980,2000,7600,12000,13000,13626,0,20,150.99190105906234,1.3900836929678917,13408.328441902995,17101.93336268898
1724163480,100,,Aggregated,185.300000,0.000000,20,42,130,150,290,520,970,1900,7600,12000,13000,13811,0,20,149.54914361166732,1.3900836929678917,13408.328441902995,17328.24856998045
1724163481,100,,Aggregated,188.600000,0.000000,20,42,130,150,290,510,950,1900,7500,12000,13000,14023,0,20,148.47859657027323,1.3900836929678917,13408.328441902995,17516.869785352636
1724163482,100,,Aggregated,189.700000,0.000000,20,42,130,150,280,510,950,1900,7500,12000,13000,14184,0,20,147.38491264446884,1.3900836929678917,13408.328441902995,17633.11111111111
1724163483,100,,Aggregated,191.600000,0.000000,20,42,130,150,280,500,940,1900,7500,12000,13000,14350,0,20,146.23896423169128,1.3900836929678917,13408.328441902995,17753.683484320558
1724163484,100,,Aggregated,184.200000,0.000000,20,41,130,150,280,500,940,1900,7500,12000,13000,14504,0,20,145.2545904068603,1.3900836929678917,13408.328441902995,17831.131205184778
1724163485,100,,Aggregated,180.100000,0.000000,20,41,120,150,280,490,940,1900,7500,12000,13000,14715,0,20,144.0269324569031,1.3900836929678917,13408.328441902995,18074.33054706082
1724163486,100,,Aggregated,173.900000,0.000000,20,41,120,150,280,490,940,1800,7500,12000,13000,14930,0,20,143.22201081851657,1.3900836929678917,13408.328441902995,18263.85003348962
1724163487,100,,Aggregated,174.300000,0.000000,20,41,120,150,280,490,930,1800,7500,12000,13000,15099,0,20,142.24672976123082,1.3900836929678917,13408.328441902995,18422.812769057553
1724163488,100,,Aggregated,176.100000,0.000000,20,41,120,150,280,480,930,1800,7500,12000,13000,15265,0,20,141.27390493784932,1.3900836929678917,13408.328441902995,18539.23406485424
1724163489,100,,Aggregated,178.300000,0.000000,20,41,120,150,270,480,910,1800,7500,12000,13000,15483,0,20,140.00919570382808,1.3900836929678917,13408.328441902995,18844.280953303623
1724163490,100,,Aggregated,180.800000,0.000000,20,41,120,140,270,470,900,1700,7500,12000,13000,15669,0,20,139.017069142575,1.3900836929678917,13408.328441902995,18940.173080605015
1724163491,100,,Aggregated,178.600000,0.000000,20,41,120,140,270,470,900,1700,7500,12000,13000,15802,0,20,138.3225129954512,1.3900836929678917,13408.328441902995,19032.569358309076
1724163492,100,,Aggregated,182.600000,0.000000,20,40,120,140,270,470,900,1600,7500,12000,13000,16006,0,20,137.23607488580754,1.3900836929678917,13408.328441902995,19218.472447832064
1724163493,100,,Aggregated,177.800000,0.000000,19,40,120,140,260,460,890,1600,7500,12000,13000,16178,0,19,136.34855392474083,1.3900836929678917,13408.328441902995,19302.08604277414
1724163494,100,,Aggregated,176.200000,0.000000,19,40,120,140,260,460,880,1600,7500,12000,13000,16366,0,19,135.48232249811576,1.3900836929678917,13408.328441902995,19459.326041793964
1724163495,100,,Aggregated,178.400000,0.000000,19,40,120,140,260,460,890,1500,7500,12000,13000,16531,0,19,135.4912525876355,1.3900836929678917,13408.328441902995,19600.40729538443
1724163496,100,,Aggregated,180.200000,0.000000,19,40,120,140,270,470,890,1500,7500,12000,13000,16719,0,19,135.56924966432484,1.3900836929678917,13408.328441902995,19831.399545427357
1724163497,100,,Aggregated,178.300000,0.000000,19,40,120,140,270,470,880,1500,7500,12000,13000,16896,0,19,135.01143857700464,1.3900836929678917,13408.328441902995,19886.876657196968
1724163498,100,,Aggregated,174.300000,0.000000,19,40,120,140,260,460,880,1500,7400,12000,13000,17108,0,19,133.9501086764015,1.3900836929678917,13408.328441902995,20141.7478957213
1724163499,100,,Aggregated,175.400000,0.000000,19,40,120,140,260,460,870,1400,7400,12000,13000,17318,0,19,133.11971467863182,1.3900836929678917,13408.328441902995,20387.765099896063
1724163500,100,,Aggregated,174.000000,0.000000,19,40,120,140,260,450,860,1400,7400,12000,13000,17530,0,19,132.29744729489786,1.3900836929678917,13408.328441902995,20580.930519110098
1724163501,100,,Aggregated,175.700000,0.000000,19,40,120,140,260,450,850,1400,7400,12000,13000,17721,0,19,131.48866754329407,1.3900836929678917,13408.328441902995,20764.185711867278
1724163502,100,,Aggregated,175.900000,0.000000,19,40,120,140,260,450,840,1400,7400,12000,13000,17912,0,19,130.62622688458828,1.3900836929678917,13408.328441902995,20939.525346136666
1724163503,100,,Aggregated,178.700000,0.000000,19,39,120,140,260,440,840,1400,7400,12000,13000,18065,0,19,129.98798714500614,1.3900836929678917,13408.328441902995,20989.178411292556
1724163504,100,,Aggregated,184.400000,0.000000,19,39,120,140,260,440,840,1400,7400,12000,13000,18240,0,19,129.22311213363795,1.3900836929678917,13408.328441902995,21148.95466008772
1724163506,100,,Aggregated,180.600000,0.000000,19,39,120,140,250,440,830,1400,7400,12000,13000,18420,0,19,128.44335546774687,1.3900836929678917,13408.328441902995,21253.817643865365
1724163507,100,,Aggregated,181.800000,0.000000,19,40,120,140,250,440,820,1400,7400,12000,13000,18625,0,19,127.92504028885956,1.3900836929678917,13408.328441902995,21439.900348993287
1724163508,100,,Aggregated,180.700000,0.000000,19,40,120,140,250,440,820,1400,7400,12000,13000,18804,0,19,127.85239915179841,1.3900836929678917,13408.328441902995,21555.538715166986
1724163509,100,,Aggregated,183.300000,0.000000,19,40,120,140,260,440,820,1400,7400,12000,13000,18995,0,19,127.87033832016925,1.3900836929678917,13408.328441902995,21748.077125559357
1724163510,100,,Aggregated,184.200000,0.000000,19,40,120,140,260,450,830,1400,7400,12000,13000,19162,0,19,127.88832777974625,1.3900836929678917,13408.328441902995,21969.642678217304
1724163511,100,,Aggregated,182.000000,0.000000,19,40,120,140,260,450,840,1400,7400,12000,13000,19323,0,19,128.30345254185724,1.3900836929678917,13408.328441902995,22038.771722817368
1724163512,100,,Aggregated,178.000000,0.000000,19,40,120,140,260,450,840,1300,7400,12000,13000,19519,0,19,127.7108482893008,1.3900836929678917,13408.328441902995,22229.782570828425
1724163513,100,,Aggregated,172.700000,0.000000,19,40,120,140,260,450,830,1300,7400,12000,13000,19718,0,19,127.21502260473228,1.3900836929678917,13408.328441902995,22444.867075768332
1724163514,100,,Aggregated,172.100000,0.000000,19,40,120,140,260,450,830,1300,7400,12000,13000,19883,0,19,127.12877541295208,1.3900836929678917,13408.328441902995,22562.421515867827
1724163515,100,,Aggregated,177.100000,0.000000,19,40,120,140,260,450,840,1300,7400,11000,13000,20054,0,19,127.1599998348497,1.3900836929678917,13408.328441902995,22693.576393736912
1724163516,100,,Aggregated,176.700000,0.000000,19,41,120,140,260,450,850,1300,7400,11000,13000,20207,0,19,127.66522815240951,1.3900836929678917,13408.328441902995,22837.3543821448
1724163517,100,,Aggregated,175.500000,0.000000,19,41,120,140,260,460,870,1400,7400,11000,13000,20353,0,19,127.9772396342126,1.3900836929678917,13408.328441902995,22911.108927430847
1724163518,100,,Aggregated,172.500000,0.000000,19,41,120,140,260,460,880,1400,7400,11000,13000,20501,0,19,128.1567121041433,1.3900836929678917,13408.328441902995,23042.16794302717
1724163519,100,,Aggregated,167.400000,0.000000,19,40,120,140,260,460,890,1400,7400,11000,13000,20678,0,19,128.2681859257724,1.3900836929678917,13408.328441902995,23177.216897185415
1724163520,100,,Aggregated,163.600000,0.000000,19,41,120,140,260,470,890,1400,7400,11000,13000,20837,0,19,128.52132497228854,1.3900836929678917,13408.328441902995,23352.47074914815
1724163521,100,,Aggregated,162.700000,0.000000,19,41,120,140,260,470,900,1400,7400,11000,13000,20990,0,19,128.8057920694699,1.3900836929678917,13408.328441902995,23471.761934254406
1724163522,100,,Aggregated,160.500000,0.000000,19,41,120,140,260,480,900,1400,7400,11000,13000,21151,0,19,129.39952253206172,1.3900836929678917,13408.328441902995,23613.118528674768
1724163523,100,,Aggregated,162.100000,0.000000,19,41,120,140,260,480,910,1400,7400,11000,13000,21303,0,19,129.8341924663533,1.3900836929678917,13408.328441902995,23712.09885931559
1724163524,100,,Aggregated,158.500000,0.000000,19,41,120,140,260,480,920,1400,7400,11000,13000,21458,0,19,130.1324768166377,1.3900836929678917,13408.328441902995,23868.973436480566
1724163525,100,,Aggregated,149.800000,0.000000,19,41,120,140,260,480,930,1400,7400,11000,13000,21630,0,19,130.38576796174675,1.3900836929678917,13408.328441902995,24080.15968562182
1724163526,100,,Aggregated,150.000000,0.000000,19,41,120,140,270,490,940,1500,7400,11000,13000,21781,0,19,130.9748219616383,1.3900836929678917,13408.328441902995,24205.916257288463
1724163527,100,,Aggregated,149.600000,0.000000,19,41,120,140,270,490,940,1500,7400,11000,13000,21934,0,19,131.15386497616575,1.3900836929678917,13408.328441902995,24301.396826844168
1724163528,100,,Aggregated,152.000000,0.000000,19,41,120,140,270,490,940,1500,7400,11000,13000,22082,0,19,131.5238338474398,1.3900836929678917,13408.328441902995,24390.373335748573
1724163530,100,,Aggregated,150.800000,0.000000,19,41,120,140,270,500,950,1500,7400,11000,13000,22219,0,19,132.0546881798602,1.3900836929678917,13408.328441902995,24496.98289752014
1724163531,100,,Aggregated,149.300000,0.000000,19,41,120,140,270,500,960,1500,7400,11000,13000,22383,0,19,132.128043936277,1.3900836929678917,13408.328441902995,24716.56775231202
1724163532,100,,Aggregated,147.400000,0.000000,19,41,120,140,270,500,960,1500,7400,11000,13000,22517,0,19,132.62625534151778,1.3900836929678917,13408.328441902995,24762.524448194697
1724163533,100,,Aggregated,145.400000,0.000000,19,41,120,140,270,510,980,1600,7400,11000,13000,22669,0,19,133.19890987968753,1.3900836929678917,13408.328441902995,24929.802461511314
1724163534,100,,Aggregated,144.300000,0.000000,19,41,120,140,270,510,990,1600,7400,11000,13000,22795,0,19,134.11046101344596,1.3900836929678917,13408.328441902995,24994.51818381224
1724163535,100,,Aggregated,145.000000,0.000000,19,41,120,140,270,520,1000,1600,7400,11000,13000,22927,0,19,134.60106882814884,1.3900836929678917,13408.328441902995,25129.14807868452
1724163536,100,,Aggregated,143.900000,0.000000,19,41,120,140,270,520,1000,1600,7400,11000,13000,23076,0,19,134.8153465208067,1.3900836929678917,13408.328441902995,25228.010270410818
1724163537,100,,Aggregated,139.900000,0.000000,19,41,120,140,270,520,1000,1600,7400,11000,13000,23197,0,19,135.1716002222876,1.3900836929678917,13408.328441902995,25286.24011725654
1724163538,100,,Aggregated,136.400000,0.000000,19,41,120,140,280,530,1000,1700,7400,11000,13000,23378,0,19,135.8741796822878,1.3900836929678917,13408.328441902995,25497.61848746685
1724163539,100,,Aggregated,136.600000,0.000000,19,41,120,140,280,530,1000,1700,7400,11000,13000,23493,0,19,136.1071214337375,1.3900836929678917,13408.328441902995,25616.181798833695
1724163540,100,,Aggregated,138.700000,0.000000,19,41,120,140,280,540,1000,1700,7400,11000,13000,23597,0,19,136.9521423993783,1.3900836929678917,13408.328441902995,25677.409458829512
1724163541,100,,Aggregated,135.500000,0.000000,19,41,120,140,280,550,1100,1800,7400,11000,13000,23713,0,19,138.12846334213828,1.3900836929678917,13408.328441902995,25771.078184961836
1724163542,100,,Aggregated,134.000000,0.000000,19,41,120,140,280,550,1100,1800,7400,11000,13000,23785,0,19,139.8535439908655,1.3900836929678917,13408.328441902995,25764.573638848015
1724163543,100,,Aggregated,128.700000,0.000000,19,41,120,140,280,550,1100,1900,7400,11000,13000,23926,0,19,140.4147506718763,1.3900836929678917,13408.328441902995,25938.849912229372
1724163544,100,,Aggregated,124.700000,0.000000,19,41,120,140,280,550,1100,1900,7400,11000,13000,24099,0,19,140.62324739262834,1.3900836929678917,13408.328441902995,26121.69301630773
1724163545,100,,Aggregated,119.000000,0.000000,19,41,120,140,280,550,1100,1900,7400,11000,13000,24159,0,19,140.6665344394241,1.3900836929678917,13408.328441902995,26070.74282875947
1724163546,100,,Aggregated,120.200000,0.000000,19,41,120,140,280,550,1100,1900,7400,11000,13000,24231,0,19,140.6721776859215,1.3900836929678917,13408.328441902995,26149.318641409765
1724163547,100,,Aggregated,123.000000,0.000000,19,41,120,140,280,550,1100,1900,7400,11000,13000,24263,0,19,140.602086580071,1.3900836929678917,13408.328441902995,26147.77459506244
1724163548,100,,Aggregated,115.300000,0.000000,19,40,120,140,280,550,1100,1900,7400,11000,13000,24274,0,19,140.90138768967245,1.3900836929678917,13408.328441902995,26136.158358737743
1724163549,100,,Aggregated,107.200000,0.000000,19,40,120,140,280,550,1100,1900,7400,11000,13000,24300,0,19,141.6146679518461,1.3900836929678917,13408.328441902995,26137.661769547325
1724163551,100,,Aggregated,94.400000,0.000000,19,40,120,140,280,550,1100,2000,7400,11000,13000,24347,0,19,144.44240916362148,1.3900836929678917,13408.328441902995,26278.458578058897
1724163552,100,,Aggregated,74.700000,0.000000,19,40,120,140,280,560,1200,2100,7400,11000,13000,24427,0,19,148.67252791101777,1.3900836929678917,13408.328441902995,26377.76263970197
1724163553,100,,Aggregated,70.100000,0.000000,19,41,120,140,280,580,1200,2300,7500,11000,13000,24494,0,19,153.1813115746831,1.3900836929678917,13408.328441902995,26393.015758961377
1724163554,100,,Aggregated,68.800000,0.000000,19,41,120,140,290,580,1200,2500,8200,12000,13000,24552,0,19,157.57287901808905,1.3900836929678917,13408.328441902995,26408.187194525904
1724163555,100,,Aggregated,64.800000,0.000000,19,41,120,140,290,590,1300,2600,9000,13000,13000,24648,0,19,162.36706165350788,1.3900836929678917,13408.328441902995,26472.24176403765
1724163556,100,,Aggregated,56.900000,0.000000,19,41,120,140,290,590,1300,2600,9200,13000,13000,24783,0,19,163.73230226375338,1.3900836929678917,13408.328441902995,26567.117943751764
1724163557,100,,Aggregated,48.600000,0.000000,19,41,120,140,290,590,1300,2600,9400,13000,18000,24928,0,19,165.41399943824786,1.3900836929678917,17901.429867371917,26812.200938703467
1724163558,100,,Aggregated,56.300000,0.000000,19,41,120,140,290,590,1300,2600,9400,13000,18000,25008,0,19,165.09758539841064,1.3900836929678917,17901.429867371917,26803.79178662828
1724163559,100,,Aggregated,64.000000,0.000000,19,41,120,140,290,590,1300,2600,9400,13000,18000,25049,0,19,165.49598788422054,1.3900836929678917,17901.429867371917,26795.93412910695
1724163560,100,,Aggregated,71.900000,0.000000,19,41,120,140,290,590,1300,2600,9400,13000,18000,25072,0,19,165.35842483583156,1.3900836929678917,17901.429867371917,26773.39817326101
1724163561,100,,Aggregated,75.900000,0.000000,19,41,120,140,290,590,1300,2600,9400,13000,18000,25085,0,19,165.28339790043327,1.3900836929678917,17901.429867371917,26759.84365158461
1724163562,100,,Aggregated,76.200000,0.000000,19,40,120,140,290,590,1300,2600,9400,13000,18000,25090,0,19,165.252656962139,1.3900836929678917,17901.429867371917,26754.61462734157
1724163563,100,,Aggregated,72.900000,0.000000,19,40,120,140,290,590,1300,2600,9400,13000,18000,25093,0,19,165.2343670409981,1.3900836929678917,17901.429867371917,26751.471964292832
1724163564,100,,Aggregated,66.500000,0.000000,19,40,120,140,290,590,1300,2600,9400,13000,18000,25097,0,19,165.21008511108732,1.3900836929678917,17901.429867371917,26747.303741483047
1724163565,100,,Aggregated,61.100000,0.000000,19,40,120,140,290,590,1300,2600,9400,13000,18000,25099,0,19,165.198802205953,1.3900836929678917,17901.429867371917,26745.220128291963
1724163566,100,,Aggregated,61.100000,0.000000,19,40,120,140,290,590,1300,2600,9400,13000,18000,25101,0,19,165.1865915400477,1.3900836929678917,17901.429867371917,26743.136847137564
1724163567,100,,Aggregated,61.100000,0.000000,19,40,120,140,290,590,1300,2600,9400,13000,18000,25101,0,19,165.1865915400477,1.3900836929678917,17901.429867371917,26743.136847137564
1724163568,100,,Aggregated,61.100000,0.000000,19,40,120,140,290,590,1300,2600,9400,13000,18000,25101,0,19,165.1865915400477,1.3900836929678917,17901.429867371917,26743.136847137564
1724163569,100,,Aggregated,61.100000,0.000000,19,40,120,140,290,590,1300,2600,9400,13000,18000,25101,0,19,165.1865915400477,1.3900836929678917,17901.429867371917,26743.136847137564
1724163571,100,,Aggregated,61.100000,0.000000,19,40,120,140,290,590,1300,2600,9400,13000,18000,25101,0,19,165.1865915400477,1.3900836929678917,17901.429867371917,26743.136847137564
1724163572,100,,Aggregated,61.100000,0.000000,19,40,120,140,290,590,1300,2600,9400,13000,18000,25101,0,19,165.1865915400477,1.3900836929678917,17901.429867371917,26743.136847137564
1724163573,100,,Aggregated,61.100000,0.000000,19,40,120,140,290,590,1300,2600,9400,13000,18000,25101,0,19,165.1865915400477,1.3900836929678917,17901.429867371917,26743.136847137564
1724163574,100,,Aggregated,61.100000,0.000000,19,40,120,140,290,590,1300,2600,9400,13000,18000,25101,0,19,165.1865915400477,1.3900836929678917,17901.429867371917,26743.136847137564
1724163575,100,,Aggregated,61.100000,0.000000,19,40,120,140,290,590,1300,2600,9400,13000,18000,25101,0,19,165.1865915400477,1.3900836929678917,17901.429867371917,26743.136847137564
1724163576,100,,Aggregated,61.100000,0.000000,19,40,120,140,290,590,1300,2600,9400,13000,18000,25101,0,19,165.1865915400477,1.3900836929678917,17901.429867371917,26743.136847137564
1724163577,100,,Aggregated,61.100000,0.000000,19,40,120,140,290,590,1300,2600,9400,13000,18000,25101,0,19,165.1865915400477,1.3900836929678917,17901.429867371917,26743.136847137564
1724163578,100,,Aggregated,61.100000,0.000000,19,40,120,140,290,590,1300,2600,9400,13000,18000,25101,0,19,165.1865915400477,1.3900836929678917,17901.429867371917,26743.136847137564
1724163579,100,,Aggregated,61.100000,0.000000,19,40,120,140,290,590,1300,2600,9400,13000,18000,25101,0,19,165.1865915400477,1.3900836929678917,17901.429867371917,26743.136847137564
1724163580,100,,Aggregated,61.100000,0.000000,19,40,120,140,290,590,1300,2600,9400,13000,18000,25101,0,19,165.1865915400477,1.3900836929678917,17901.429867371917,26743.136847137564
1724163581,100,,Aggregated,61.100000,0.000000,19,40,120,140,290,590,1300,2600,9400,13000,18000,25101,0,19,165.1865915400477,1.3900836929678917,17901.429867371917,26743.136847137564
1724163582,100,,Aggregated,61.100000,0.000000,19,40,120,140,290,590,1300,2600,9400,13000,18000,25101,0,19,165.1865915400477,1.3900836929678917,17901.429867371917,26743.136847137564
1724163583,100,,Aggregated,61.100000,0.000000,19,40,120,140,290,590,1300,2600,9400,13000,18000,25101,0,19,165.1865915400477,1.3900836929678917,17901.429867371917,26743.136847137564
1724163584,100,,Aggregated,61.100000,0.000000,19,40,120,140,290,590,1300,2600,9400,13000,18000,25101,0,19,165.1865915400477,1.3900836929678917,17901.429867371917,26743.136847137564
1724163585,100,,Aggregated,61.100000,0.000000,19,40,120,140,290,590,1300,2600,9400,13000,18000,25101,0,19,165.1865915400477,1.3900836929678917,17901.429867371917,26743.136847137564
1724163586,100,,Aggregated,61.100000,0.000000,19,40,120,140,290,590,1300,2600,9400,13000,18000,25101,0,19,165.1865915400477,1.3900836929678917,17901.429867371917,26743.136847137564
1724163587,100,,Aggregated,61.100000,0.000000,19,40,120,140,290,590,1300,2600,9400,13000,18000,25101,0,19,165.1865915400477,1.3900836929678917,17901.429867371917,26743.136847137564
1724163588,100,,Aggregated,61.100000,0.000000,19,40,120,140,290,590,1300,2600,9400,13000,18000,25101,0,19,165.1865915400477,1.3900836929678917,17901.429867371917,26743.136847137564
1724163589,100,,Aggregated,61.100000,0.000000,19,40,120,140,290,590,1300,2600,9400,13000,18000,25101,0,19,165.1865915400477,1.3900836929678917,17901.429867371917,26743.136847137564
1724163590,100,,Aggregated,61.100000,0.000000,19,40,120,140,290,590,1300,2600,9400,13000,18000,25101,0,19,165.1865915400477,1.3900836929678917,17901.429867371917,26743.136847137564
1724163591,100,,Aggregated,61.100000,0.000000,19,40,120,140,290,590,1300,2600,9400,13000,18000,25101,0,19,165.1865915400477,1.3900836929678917,17901.429867371917,26743.136847137564
1724163593,100,,Aggregated,61.100000,0.000000,19,40,120,140,290,590,1300,2600,9400,13000,18000,25101,0,19,165.1865915400477,1.3900836929678917,17901.429867371917,26743.136847137564
1724163594,100,,Aggregated,61.100000,0.000000,19,40,120,140,290,590,1300,2600,9400,13000,18000,25101,0,19,165.1865915400477,1.3900836929678917,17901.429867371917,26743.136847137564
1724163595,100,,Aggregated,61.100000,0.000000,19,40,120,140,290,590,1300,2600,9400,13000,18000,25101,0,19,165.1865915400477,1.3900836929678917,17901.429867371917,26743.136847137564
1724163596,100,,Aggregated,61.100000,0.000000,19,40,120,140,290,590,1300,2600,9400,13000,18000,25101,0,19,165.1865915400477,1.3900836929678917,17901.429867371917,26743.136847137564
1724163597,100,,Aggregated,0.000000,0.000000,19,40,120,140,290,590,1300,2700,9700,37000,38000,25122,3,19,169.5333802914645,1.3900836929678917,37648.10345135629,26739.738993710693
1724163598,100,,Aggregated,0.000000,0.000000,19,40,120,140,290,600,1300,2700,10000,39000,41000,25127,8,19,177.35185990971496,1.3900836929678917,40813.554166816175,26734.458709754446
1724163599,100,,Aggregated,2.100000,0.300000,19,40,120,140,290,600,1300,2800,11000,39000,41000,25136,9,19,178.80716298896235,1.3900836929678917,40813.554166816175,26734.182805537876
1724163600,100,,Aggregated,2.600000,0.800000,19,40,120,140,290,600,1300,2800,11000,39000,41000,25143,9,19,178.76237860131786,1.3900836929678917,40813.554166816175,26729.84277930239
1724163601,100,,Aggregated,3.200000,0.900000,19,40,120,140,290,600,1300,2800,11000,44000,60000,25155,10,19,186.33736869898948,1.3900836929678917,60003.78049258143,26744.716279069766
1724163602,100,,Aggregated,3.700000,0.900000,19,40,120,140,290,600,1300,2900,11000,44000,60000,25160,11,19,188.68654828432753,1.3900836929678917,60003.78049258143,26742.43445945946
1724163603,100,,Aggregated,5.300000,0.900000,19,40,120,140,290,600,1300,2900,11000,44000,60000,25167,11,19,188.63984917549882,1.3900836929678917,60003.78049258143,26735.135574363252
1724163604,100,,Aggregated,5.300000,0.900000,19,40,120,140,290,600,1300,2900,11000,44000,60000,25169,11,19,188.62939193800983,1.3900836929678917,60003.78049258143,26733.115459493823
1724163605,100,,Aggregated,5.800000,1.000000,19,40,120,140,290,600,1300,2900,11000,60000,60000,25174,12,19,190.9801589157555,1.3900836929678917,60004.99479006976,26727.90847700008
1724163606,100,,Aggregated,6.800000,1.100000,19,40,120,140,290,600,1300,2900,11000,60000,60000,25181,13,19,193.3170794454798,1.3900836929678917,60004.99479006976,26720.685397720503
1724163607,100,,Aggregated,7.300000,1.200000,19,40,120,140,290,600,1300,3000,12000,60000,60000,25183,15,19,198.06728502536902,1.3900836929678917,60007.89090897888,26718.578286939603
1724163608,100,,Aggregated,7.500000,1.200000,19,40,120,140,290,600,1300,3100,13000,60000,60000,25195,18,19,204.36913325623385,1.3900836929678917,60007.89090897888,26712.35844413574
1724163609,100,,Aggregated,5.900000,1.000000,19,41,120,140,290,600,1300,3100,13000,60000,60000,25206,20,19,208.73798023255935,1.3900836929678917,60007.89090897888,26707.119733396812
1724163610,100,,Aggregated,5.900000,1.000000,19,41,120,140,290,600,1300,3100,13000,60000,60000,25206,20,19,208.73798023255935,1.3900836929678917,60007.89090897888,26707.119733396812
1724163611,100,,Aggregated,6.300000,0.900000,19,41,120,140,290,600,1300,3100,13000,60000,60000,25209,20,19,208.71786601507327,1.3900836929678917,60007.89090897888,26705.53171486374
1724163612,100,,Aggregated,6.800000,1.100000,19,41,120,140,290,600,1300,3100,13000,60000,60000,25212,21,19,211.07763482215464,1.3900836929678917,60007.89090897888,26702.46565127717
1724163613,100,,Aggregated,5.200000,1.100000,19,41,120,140,290,600,1300,3100,18000,60000,60000,25218,21,19,213.28446097299428,1.3900836929678917,60007.89090897888,26723.530811325243
1724163615,100,,Aggregated,5.000000,1.000000,19,41,120,140,290,600,1300,3200,37000,60000,60000,25223,22,19,215.62815304803922,1.3900836929678917,60007.89090897888,26718.404551401498
1724163616,100,,Aggregated,5.100000,1.000000,19,41,120,140,290,610,1400,3300,39000,60000,60000,25230,27,19,227.46494278880934,1.3900836929678917,60007.89090897888,26711.13313515656
1724163617,100,,Aggregated,4.900000,1.000000,19,41,120,140,290,610,1400,3600,60000,60000,60000,25260,40,19,258.0994897312245,1.3900836929678917,60017.88971759379,26697.645684877276
1724163618,100,,Aggregated,5.400000,1.500000,19,41,120,140,290,620,1400,4200,60000,60000,60000,25355,66,19,316.78423880480244,1.3900836929678917,60047.63216525316,26664.158903569314
1724163619,100,,Aggregated,6.700000,2.400000,19,41,120,140,290,630,1400,4500,60000,60000,60000,25395,73,19,332.85891129843395,1.3900836929678917,60047.63216525316,26650.27245520772
1724163620,100,,Aggregated,16.000000,4.800000,19,41,120,140,290,630,1500,4700,60000,60000,60000,25444,83,19,355.8597021049243,1.3900836929678917,60047.63216525316,26621.11032070429
1724163621,100,,Aggregated,18.800000,5.400000,19,41,120,140,290,630,1500,4800,60000,60000,60000,25466,90,19,372.0680249588757,1.3900836929678917,60047.63216525316,26598.658446556194
1724163622,100,,Aggregated,23.400000,6.200000,19,41,120,140,290,630,1500,4800,60000,60000,60000,25499,92,19,376.34466023268106,1.3900836929678917,60047.63216525316,26565.424683320914
1724163623,100,,Aggregated,25.200000,6.700000,19,41,120,140,290,630,1500,4800,60000,60000,60000,25516,93,19,378.47347540616215,1.3900836929678917,60047.63216525316,26548.388344568113
1724163624,100,,Aggregated,28.300000,7.200000,19,41,120,140,290,630,1500,4900,60000,60000,60000,25536,95,19,382.90102956249797,1.3900836929678917,60047.63216525316,26528.256148182958
1724163625,100,,Aggregated,29.300000,7.100000,19,41,120,140,290,630,1500,4900,60000,60000,60000,25540,96,19,385.1915878759363,1.3900836929678917,60047.63216525316,26524.24514487079
1724163626,100,,Aggregated,31.500000,7.300000,19,41,120,140,290,630,1500,5000,60000,60000,60000,25544,97,19,387.4893216736719,1.3900836929678917,60047.63216525316,26520.215197306607
1724163627,100,,Aggregated,31.500000,7.300000,19,41,120,140,290,630,1500,5000,60000,60000,60000,25546,97,19,387.46365163567,1.3900836929678917,60047.63216525316,26518.24172081735
1724163628,100,,Aggregated,31.300000,7.000000,19,41,120,140,290,630,1500,5000,60000,60000,60000,25548,97,19,387.43835173372145,1.3900836929678917,60047.63216525316,26516.268553311413
1724163629,100,,Aggregated,29.800000,6.000000,19,41,120,140,290,630,1500,5000,60000,60000,60000,25550,97,19,387.4124931411748,1.3900836929678917,60047.63216525316,26514.295694716242
1724163630,100,,Aggregated,29.800000,6.000000,19,41,120,140,290,630,1500,5000,60000,60000,60000,25550,97,19,387.4124931411748,1.3900836929678917,60047.63216525316,26514.295694716242
1724163631,100,,Aggregated,29.800000,6.000000,19,41,120,140,290,630,1500,5000,60000,60000,60000,25550,97,19,387.4124931411748,1.3900836929678917,60047.63216525316,26514.295694716242
1724163632,100,,Aggregated,29.800000,6.000000,19,41,120,140,290,630,1500,5000,60000,60000,60000,25550,97,19,387.4124931411748,1.3900836929678917,60047.63216525316,26514.295694716242
1724163633,100,,Aggregated,29.800000,6.000000,19,41,120,140,290,630,1500,5000,60000,60000,60000,25550,97,19,387.4124931411748,1.3900836929678917,60047.63216525316,26514.295694716242
1724163634,100,,Aggregated,29.800000,6.000000,19,41,120,140,290,630,1500,5000,60000,60000,60000,25550,97,19,387.4124931411748,1.3900836929678917,60047.63216525316,26514.295694716242
1724163635,100,,Aggregated,29.800000,6.000000,19,41,120,140,290,630,1500,5000,60000,60000,60000,25550,97,19,387.4124931411748,1.3900836929678917,60047.63216525316,26514.295694716242
1724163636,100,,Aggregated,29.800000,6.000000,19,41,120,140,290,630,1500,5000,60000,60000,60000,25550,97,19,387.4124931411748,1.3900836929678917,60047.63216525316,26514.295694716242
1724163638,100,,Aggregated,29.800000,6.000000,19,41,120,140,290,630,1500,5000,60000,60000,60000,25550,97,19,387.4124931411748,1.3900836929678917,60047.63216525316,26514.295694716242
1724163639,100,,Aggregated,29.800000,6.000000,19,41,120,140,290,630,1500,5000,60000,60000,60000,25550,97,19,387.4124931411748,1.3900836929678917,60047.63216525316,26514.295694716242
1724163640,100,,Aggregated,29.800000,6.000000,19,41,120,140,290,630,1500,5000,60000,60000,60000,25550,97,19,387.4124931411748,1.3900836929678917,60047.63216525316,26514.295694716242
1724163641,100,,Aggregated,29.800000,6.000000,19,41,120,140,290,630,1500,5000,60000,60000,60000,25550,97,19,387.4124931411748,1.3900836929678917,60047.63216525316,26514.295694716242
1724163642,100,,Aggregated,29.800000,6.000000,19,41,120,140,290,630,1500,5000,60000,60000,60000,25550,97,19,387.4124931411748,1.3900836929678917,60047.63216525316,26514.295694716242
1724163643,100,,Aggregated,29.800000,6.000000,19,41,120,140,290,630,1500,5000,60000,60000,60000,25550,97,19,387.4124931411748,1.3900836929678917,60047.63216525316,26514.295694716242
1724163644,100,,Aggregated,29.800000,6.000000,19,41,120,140,290,630,1500,5000,60000,60000,60000,25550,97,19,387.4124931411748,1.3900836929678917,60047.63216525316,26514.295694716242
1724163645,100,,Aggregated,29.800000,6.000000,19,41,120,140,290,630,1500,5000,60000,60000,60000,25550,97,19,387.4124931411748,1.3900836929678917,60047.63216525316,26514.295694716242
1724163646,100,,Aggregated,29.800000,6.000000,19,41,120,140,290,630,1500,5000,60000,60000,60000,25550,97,19,387.4124931411748,1.3900836929678917,60047.63216525316,26514.295694716242
1724163647,100,,Aggregated,29.800000,6.000000,19,41,120,140,290,630,1500,5000,60000,60000,60000,25550,97,19,387.4124931411748,1.3900836929678917,60047.63216525316,26514.295694716242
1724163648,100,,Aggregated,29.800000,6.000000,19,41,120,140,290,630,1500,5000,60000,60000,60000,25550,97,19,387.4124931411748,1.3900836929678917,60047.63216525316,26514.295694716242
1724163649,100,,Aggregated,29.800000,6.000000,19,41,120,140,290,630,1500,5000,60000,60000,60000,25550,97,19,387.4124931411748,1.3900836929678917,60047.63216525316,26514.295694716242
1724163650,100,,Aggregated,0.000000,0.000000,19,41,120,140,290,630,1500,5000,60000,60000,60000,25557,98,19,388.8138359520489,1.3900836929678917,60047.63216525316,26513.27769299996
1724163651,100,,Aggregated,0.000000,0.000000,19,41,120,140,290,630,1500,5000,60000,60000,60000,25557,98,19,388.8138359520489,1.3900836929678917,60047.63216525316,26513.27769299996
1724163652,100,,Aggregated,0.000000,0.000000,19,41,120,140,290,630,1500,5000,60000,60000,60000,25557,98,19,388.8138359520489,1.3900836929678917,60047.63216525316,26513.27769299996
1724163653,100,,Aggregated,0.000000,0.000000,19,41,120,140,290,630,1500,5000,60000,60000,60000,25557,98,19,388.8138359520489,1.3900836929678917,60047.63216525316,26513.27769299996
1724163654,100,,Aggregated,0.000000,0.000000,19,41,120,140,290,630,1500,5000,60000,60000,60000,25557,98,19,388.8138359520489,1.3900836929678917,60047.63216525316,26513.27769299996
1724163655,100,,Aggregated,0.000000,0.000000,19,41,120,140,290,630,1500,5000,60000,60000,60000,25557,98,19,388.8138359520489,1.3900836929678917,60047.63216525316,26513.27769299996
1724163656,100,,Aggregated,0.700000,0.100000,19,41,120,140,290,640,1500,5100,60000,60000,60000,25560,101,19,395.81098228792115,1.3900836929678917,60047.63216525316,26510.187989045382
1724163657,100,,Aggregated,0.700000,0.100000,19,41,120,140,290,640,1500,5100,60000,60000,60000,25560,101,19,395.81098228792115,1.3900836929678917,60047.63216525316,26510.187989045382
1724163658,100,,Aggregated,0.700000,0.100000,19,41,120,140,290,630,1500,5100,60000,60000,60000,25562,101,19,395.7802351305051,1.3900836929678917,60047.63216525316,26511.044949534466
1724163659,100,,Aggregated,1.000000,0.400000,19,41,120,140,290,640,1500,5100,60000,60000,60000,25565,102,19,398.0812590795121,1.3900836929678917,60047.63216525316,26509.414824955995
1724163660,100,,Aggregated,1.100000,0.400000,19,41,120,140,300,640,1600,5200,60000,60000,60000,25579,105,19,404.91278963029873,1.3900836929678917,60047.63216525316,26507.193322647483
1724163662,100,,Aggregated,1.200000,0.400000,19,41,120,140,300,640,1600,5200,60000,60000,60000,25632,112,19,416.28600608123776,1.3900836929678917,60047.63216525316,26503.447721598004
1724163663,100,,Aggregated,0.800000,0.400000,19,41,120,140,300,640,1600,5300,60000,60000,60000,25643,113,19,417.695720291556,1.3900836929678917,60047.63216525316,26499.83855243146
1724163664,100,,Aggregated,2.200000,0.700000,19,41,120,140,300,640,1600,5300,60000,60000,60000,25659,115,19,422.12924195391895,1.3900836929678917,60047.63216525316,26495.885576211076
1724163665,100,,Aggregated,8.600000,1.500000,19,41,120,140,300,640,1600,5400,60000,60000,60000,25665,117,19,426.7086959505857,1.3900836929678917,60047.63216525316,26489.76886810832
1724163666,100,,Aggregated,8.600000,1.500000,19,41,120,140,300,640,1600,5400,60000,60000,60000,25673,119,19,430.57836488418053,1.3900836929678917,60047.63216525316,26487.756241966268
1724163667,100,,Aggregated,10.700000,1.900000,19,41,120,140,300,650,1600,5400,60000,60000,60000,25681,121,19,434.6826180616892,1.3900836929678917,60047.63216525316,26479.771426346328
1724163668,100,,Aggregated,10.700000,1.900000,19,41,120,140,300,650,1600,5400,60000,60000,60000,25683,121,19,434.64998311694563,1.3900836929678917,60047.63216525316,26477.756025386443
1724163669,100,,Aggregated,11.900000,2.000000,19,41,120,140,300,650,1600,5500,60000,60000,60000,25702,124,19,441.3486148107024,1.3900836929678917,60047.63216525316,26472.28145669598
1724163670,100,,Aggregated,12.200000,2.000000,19,41,120,140,300,650,1600,5500,60000,60000,60000,25712,125,19,443.52238128570565,1.3900836929678917,60047.63216525316,26469.686022090853
1724163671,100,,Aggregated,12.200000,2.000000,19,41,120,140,300,650,1600,5500,60000,60000,60000,25712,125,19,443.52238128570565,1.3900836929678917,60047.63216525316,26469.686022090853
1724163672,100,,Aggregated,14.500000,2.300000,19,41,120,140,300,650,1600,5500,60000,60000,60000,25715,125,19,443.4722095392188,1.3900836929678917,60047.63216525316,26466.652615205134
1724163673,100,,Aggregated,13.300000,2.000000,19,41,120,140,300,650,1700,5700,60000,60000,60000,25736,134,19,460.9226388478971,1.3900836929678917,60047.63216525316,26461.745648119366
1724163674,100,,Aggregated,8.200000,1.300000,19,41,120,140,300,650,1700,5700,60000,60000,60000,25756,135,19,462.60593909422977,1.3900836929678917,60047.63216525316,26458.389268519957
1724163675,100,,Aggregated,8.300000,1.500000,19,41,120,140,300,650,1700,5800,60000,60000,60000,25766,136,19,464.7617227779049,1.3900836929678917,60047.63216525316,26457.259334006056
1724163676,100,,Aggregated,9.500000,2.000000,19,41,120,140,300,650,1700,5800,60000,60000,60000,25786,139,19,471.32953517663384,1.3900836929678917,60047.63216525316,26456.99499728535
1724163677,100,,Aggregated,9.900000,1.900000,19,41,120,140,300,650,1700,5900,60000,60000,60000,25831,148,19,491.4531328091894,1.3900836929678917,60047.63216525316,26447.874182184198
1724163678,100,,Aggregated,10.900000,1.900000,19,41,120,140,300,650,1800,6200,60000,60000,60000,25889,156,19,508.74955625120003,1.3900836929678917,60047.63216525316,26440.657692456254
1724163679,100,,Aggregated,11.900000,1.900000,19,41,120,140,300,650,1800,6600,60000,60000,60000,25931,163,19,524.1545363397627,1.3900836929678917,60047.63216525316,26430.36223053488
1724163680,100,,Aggregated,16.500000,3.000000,19,41,120,140,300,660,1800,6700,60000,60000,60000,25957,168,19,535.2054312917054,1.3900836929678917,60047.63216525316,26423.712948337634
1724163681,100,,Aggregated,19.200000,3.300000,19,41,120,140,300,660,1800,6800,60000,60000,60000,25994,172,19,543.7137514103863,1.3900836929678917,60047.63216525316,26405.046202969916
1724163683,100,,Aggregated,22.600000,4.100000,19,41,120,140,300,660,1900,6900,60000,60000,60000,26053,180,19,560.9743168271699,1.3900836929678917,60047.63216525316,26401.827543852916
1724163684,100,,Aggregated,28.000000,4.700000,19,41,120,140,300,670,1900,7400,60000,60000,60000,26112,193,19,589.6241753313969,1.3900836929678917,60047.63216525316,26384.72066482843
1724163685,100,,Aggregated,28.000000,4.700000,19,41,120,140,300,670,1900,7400,60000,60000,60000,26120,194,19,591.7503714006306,1.3900836929678917,60047.63216525316,26377.51297856049
1724163686,100,,Aggregated,35.700000,5.700000,19,41,120,140,300,670,1900,7400,60000,60000,60000,26147,196,19,595.76472073789,1.3900836929678917,60047.63216525316,26362.56671893525
1724163687,100,,Aggregated,35.700000,5.800000,19,41,120,140,300,670,1900,7400,60000,60000,60000,26158,196,19,595.5297319323619,1.3900836929678917,60047.63216525316,26352.528557229147
1724163688,100,,Aggregated,35.900000,5.700000,19,41,120,140,300,670,1900,7400,60000,60000,60000,26162,197,19,597.7331091735338,1.3900836929678917,60047.63216525316,26353.914073847565
1724163689,100,,Aggregated,35.900000,5.600000,19,41,120,140,300,670,1900,7400,60000,60000,60000,26175,198,19,599.7456190997686,1.3900836929678917,60047.63216525316,26353.712626552053
1724163690,100,,Aggregated,35.900000,5.600000,19,41,120,140,300,670,1900,7400,60000,60000,60000,26175,198,19,599.7456190997686,1.3900836929678917,60047.63216525316,26353.712626552053
1724163691,100,,Aggregated,35.900000,5.600000,19,41,120,140,300,670,1900,7400,60000,60000,60000,26175,198,19,599.7456190997686,1.3900836929678917,60047.63216525316,26353.712626552053
1724163692,100,,Aggregated,35.900000,5.600000,19,41,120,140,300,670,1900,7400,60000,60000,60000,26175,198,19,599.7456190997686,1.3900836929678917,60047.63216525316,26353.712626552053
